3.450000000000002
3.150000000000001
2.7000000000000015
2.5
2.9500000000000015
3.3499999999999988
3.450000000000002
3.3499999999999988
4.450000000000001
5.400000000000003
5.800000000000001
5.400000000000003
4.75
3.3499999999999988
3.6500000000000017
4.900000000000003
5.150000000000003
4.95
4.400000000000002
4.049999999999998
3.549999999999998
3.299999999999998
3.75
4.900000000000003
3.6500000000000017
2.9000000000000004
2.5999999999999996
3.25
3.950000000000002
3.9000000000000017
3.3499999999999988
3.549999999999998
2.3500000000000005
2.200000000000001
2.4500000000000015
3.2000000000000015
3.5
3.299999999999998
2.9500000000000015
2.7999999999999985
3.950000000000002
4.349999999999998
4.450000000000001
3.799999999999998
3.6500000000000017
4.700000000000001
5.400000000000003
5.5
5.900000000000003
5.900000000000003
5.849999999999997
5.650000000000003
5.900000000000003
6.199999999999998
6.300000000000002
6.25
6.349999999999997
5.650000000000003
5.25
5.699999999999999
5.599999999999997
4.849999999999997
4.400000000000002
4.650000000000003
4.95
5.5
6.300000000000002
5.900000000000003
5.0
4.900000000000003
4.75
4.299999999999998
3.5999999999999983
4.75
4.5
4.0
5.400000000000003
6.650000000000004
6.4499999999999975
6.050000000000002
6.050000000000002
6.5
6.0
5.199999999999999
5.349999999999997
6.75
6.900000000000004
6.050000000000002
6.050000000000002
6.25
6.650000000000004
6.599999999999996
6.050000000000002
5.75
6.099999999999997
6.900000000000004
5.400000000000003
5.449999999999999
5.550000000000001
4.95
5.550000000000001
6.300000000000002
5.550000000000001
4.400000000000002
5.349999999999997
4.299999999999998
5.900000000000003
7.5
7.550000000000003
7.800000000000003
8.449999999999996
7.949999999999997
7.25
6.199999999999998
4.349999999999998
5.400000000000003
4.75
4.900000000000003
4.849999999999997
4.299999999999998
4.150000000000002
4.349999999999998
5.400000000000003
5.800000000000001
4.900000000000003
5.75
6.900000000000004
6.900000000000004
7.349999999999996
6.0
6.75
7.400000000000004
6.199999999999998
5.849999999999997
6.400000000000003
5.900000000000003
5.599999999999997
5.650000000000003
7.0
7.449999999999997
6.9499999999999975
7.650000000000004
7.949999999999997
7.0
6.5500000000000025
6.650000000000004
6.25
5.849999999999997
5.949999999999998
6.300000000000002
6.25
5.900000000000003
6.4499999999999975
6.5500000000000025
5.75
4.8
4.5
3.8499999999999983
3.8499999999999983
5.349999999999997
6.25
4.450000000000001
4.700000000000001
5.849999999999997
6.4499999999999975
6.9499999999999975
7.0500000000000025
6.349999999999997
5.400000000000003
4.299999999999998
4.0
5.150000000000003
6.8000000000000025
6.900000000000004
5.75
4.5
6.349999999999997
7.199999999999997
6.9499999999999975
5.199999999999999
4.299999999999998
4.95
5.699999999999999
5.699999999999999
6.0
5.199999999999999
5.449999999999999
6.25
5.900000000000003
4.95
4.650000000000003
5.099999999999997
6.150000000000003
5.849999999999997
5.75
5.400000000000003
4.450000000000001
3.8499999999999983
4.299999999999998
5.449999999999999
4.95
5.05
4.8
4.8
5.900000000000003
6.9499999999999975
6.300000000000002
4.700000000000001
3.8499999999999983
4.700000000000001
5.449999999999999
5.300000000000001
5.199999999999999
5.800000000000001
5.400000000000003
4.650000000000003
5.599999999999997
6.5500000000000025
6.599999999999996
4.95
4.25
4.75
5.05
4.849999999999997
4.549999999999999
5.699999999999999
6.599999999999996
6.25
5.400000000000003
5.300000000000001
5.5
5.699999999999999
5.849999999999997
5.449999999999999
5.849999999999997
5.650000000000003
4.8
4.75
5.5
5.550000000000001
5.75
5.150000000000003
5.099999999999997
5.599999999999997
5.75
5.150000000000003
4.700000000000001
4.849999999999997
5.099999999999997
5.199999999999999
6.4499999999999975
6.349999999999997
4.75
5.349999999999997
6.900000000000004
7.25
6.900000000000004
6.099999999999997
5.550000000000001
5.849999999999997
6.199999999999998
6.050000000000002
6.150000000000003
6.650000000000004
6.400000000000003
5.349999999999997
5.449999999999999
6.25
6.599999999999996
6.25
6.25
6.6999999999999975
6.099999999999997
5.550000000000001
5.25
5.75
6.599999999999996
5.5
5.199999999999999
6.5500000000000025
5.900000000000003
6.4499999999999975
6.199999999999998
6.099999999999997
7.199999999999997
7.650000000000004
6.9499999999999975
6.25
4.700000000000001
5.449999999999999
6.599999999999996
6.900000000000004
6.400000000000003
5.75
5.349999999999997
5.25
4.849999999999997
5.599999999999997
5.949999999999998
5.550000000000001
5.550000000000001
6.099999999999997
6.5
6.4499999999999975
5.300000000000001
5.699999999999999
6.300000000000002
7.099999999999996
6.9499999999999975
6.75
6.849999999999996
7.099999999999996
6.9499999999999975
6.5500000000000025
6.75
7.5
7.949999999999997
7.5
7.099999999999996
7.0
7.300000000000003
6.8000000000000025
6.75
7.150000000000004
7.099999999999996
6.75
6.849999999999996
7.699999999999997
8.25
8.599999999999996
9.150000000000002
9.099999999999998
9.150000000000002
8.849999999999998
8.25
7.949999999999997
7.849999999999996
8.650000000000004
11.0
12.399999999999997
12.149999999999997
11.699999999999994
12.0
11.75
12.75
12.550000000000006
12.850000000000005
12.649999999999997
12.149999999999997
12.100000000000003
13.350000000000005
15.100000000000007
14.699999999999992
14.649999999999993
15.199999999999992
16.25
17.199999999999992
18.14999999999999
19.0
19.55
18.75
20.799999999999997
22.200000000000003
23.200000000000003
24.200000000000006
25.049999999999994
26.600000000000016
28.850000000000016
28.899999999999984
29.299999999999986
30.600000000000016
32.350000000000016
34.100000000000016
35.20000000000002
36.60000000000001
37.950000000000024
37.950000000000024
38.25
39.450000000000024
41.0
42.349999999999994
42.950000000000024
43.549999999999976
43.700000000000024
43.599999999999994
45.299999999999976
45.5
44.5
45.299999999999976
46.200000000000024
45.849999999999994
45.549999999999976
45.0
45.0
45.450000000000024
45.900000000000006
46.25
46.049999999999976
45.700000000000024
45.450000000000024
43.950000000000024
44.25
44.0
42.950000000000024
42.799999999999976
43.099999999999994
42.849999999999994
42.25
41.75
41.099999999999994
40.9
40.9
40.75
39.85
39.200000000000024
39.15
38.75
39.85
40.15
39.549999999999976
38.85
38.700000000000024
38.35
38.0
36.85000000000001
37.14999999999999
37.200000000000024
37.0
37.25
37.39999999999999
36.950000000000024
36.14999999999999
36.14999999999999
37.75
37.049999999999976
35.54999999999998
36.0
36.85000000000001
36.700000000000024
36.10000000000001
35.54999999999998
35.64999999999999
36.0
36.75
37.39999999999999
37.799999999999976
37.700000000000024
37.450000000000024
37.64999999999999
38.0
38.299999999999976
37.89999999999999
37.700000000000024
38.35
38.700000000000024
38.9
38.9
38.549999999999976
38.15
37.85000000000001
38.25
38.85
39.6
40.0
38.85
39.049999999999976
39.35
39.65
39.549999999999976
38.9
38.15
37.60000000000001
38.299999999999976
38.799999999999976
39.35
39.299999999999976
39.85
40.200000000000024
39.85
39.1
39.5
39.450000000000024
39.799999999999976
40.15
39.75
39.049999999999976
39.65
40.85
40.200000000000024
40.1
40.1
39.65
39.25
39.5
40.299999999999976
41.299999999999976
41.349999999999994
40.85
40.65
41.150000000000006
41.450000000000024
41.099999999999994
40.5
40.450000000000024
40.200000000000024
42.849999999999994
41.950000000000024
41.599999999999994
42.299999999999976
41.799999999999976
42.25
41.75
41.200000000000024
41.349999999999994
40.85
40.549999999999976
40.85
40.35
40.0
40.4
40.700000000000024
40.75
41.650000000000006
42.700000000000024
42.5
41.75
41.200000000000024
41.349999999999994
40.75
41.099999999999994
41.150000000000006
40.799999999999976
40.9
41.75
41.450000000000024
40.75
40.799999999999976
41.349999999999994
41.849999999999994
41.5
41.200000000000024
41.299999999999976
41.549999999999976
41.950000000000024
41.450000000000024
41.700000000000024
41.75
41.549999999999976
40.950000000000024
40.25
40.65
41.450000000000024
41.349999999999994
39.450000000000024
38.9
39.549999999999976
40.049999999999976
39.4
39.450000000000024
40.5
40.450000000000024
39.75
40.049999999999976
40.200000000000024
39.65
40.0
40.799999999999976
40.799999999999976
41.25
39.75
39.200000000000024
39.950000000000024
40.25
39.65
39.65
40.049999999999976
41.450000000000024
40.15
39.700000000000024
39.85
39.5
38.75
38.65
39.4
39.35
39.85
40.35
40.4
39.950000000000024
39.75
40.0
40.1
40.4
39.950000000000024
39.799999999999976
40.35
40.299999999999976
39.9
39.299999999999976
39.15
39.85
39.950000000000024
40.299999999999976
40.299999999999976
39.85
39.5
39.5
39.75
40.049999999999976
40.15
40.15
39.9
39.35
38.85
38.9
39.0
39.450000000000024
39.299999999999976
39.85
39.75
38.799999999999976
39.0
39.6
38.85
39.200000000000024
39.1
38.65
38.299999999999976
38.9
39.75
39.799999999999976
39.450000000000024
39.15
39.799999999999976
40.65
40.799999999999976
40.35
39.799999999999976
40.049999999999976
40.799999999999976
40.700000000000024
39.65
39.15
39.1
38.700000000000024
38.1
38.450000000000024
39.200000000000024
39.65
39.700000000000024
39.4
39.1
38.549999999999976
38.0
37.299999999999976
36.89999999999999
38.0
37.85000000000001
37.700000000000024
38.0
37.89999999999999
37.5
37.64999999999999
38.1
38.950000000000024
37.700000000000024
37.39999999999999
37.89999999999999
38.299999999999976
37.5
36.75
36.54999999999998
36.64999999999999
37.14999999999999
37.14999999999999
36.39999999999999
36.75
37.450000000000024
37.39999999999999
36.54999999999998
36.04999999999998
36.25
36.0
35.54999999999998
35.45000000000002
35.5
35.60000000000001
35.60000000000001
35.0
34.899999999999984
34.600000000000016
34.75
34.79999999999998
34.70000000000002
34.20000000000002
33.70000000000002
32.649999999999984
33.0
34.0
34.899999999999984
34.79999999999998
33.600000000000016
32.75
32.75
31.799999999999986
32.100000000000016
32.100000000000016
30.899999999999984
30.100000000000016
30.049999999999986
29.75
29.399999999999984
28.350000000000016
28.899999999999984
27.600000000000016
26.70000000000001
28.0
28.799999999999986
27.649999999999984
26.79999999999999
26.5
27.25
27.5
26.850000000000016
26.0
25.5
25.5
25.350000000000012
24.850000000000012
24.649999999999988
23.600000000000012
22.75
23.200000000000003
24.350000000000012
24.299999999999994
23.299999999999994
24.5
24.649999999999988
23.75
22.350000000000012
22.850000000000012
24.100000000000012
23.600000000000012
22.450000000000003
21.899999999999988
21.549999999999997
21.200000000000003
20.399999999999988
20.2
21.75
22.100000000000012
20.399999999999988
19.899999999999988
20.399999999999988
19.45
18.75
19.05
18.550000000000004
17.85000000000001
18.199999999999996
18.25
17.449999999999992
17.25
17.10000000000001
16.64999999999999
17.050000000000008
16.89999999999999
15.899999999999993
14.649999999999993
13.649999999999995
13.899999999999995
15.300000000000008
15.5
14.149999999999995
13.449999999999992
14.199999999999992
14.0
13.75
14.050000000000008
14.300000000000008
13.949999999999992
13.149999999999995
13.399999999999995
14.25
13.149999999999995
11.949999999999994
11.25
11.699999999999994
11.850000000000003
11.100000000000001
10.0
9.199999999999994
11.0
11.600000000000001
10.899999999999999
10.050000000000006
10.5
10.75
10.15
10.050000000000006
10.5
10.949999999999994
10.600000000000001
9.550000000000006
8.699999999999996
9.050000000000004
9.85
10.300000000000006
10.1
8.150000000000004
7.0500000000000025
7.099999999999996
7.349999999999996
7.150000000000004
7.849999999999996
9.099999999999998
7.849999999999996
7.5
6.599999999999996
5.849999999999997
6.050000000000002
6.8000000000000025
7.949999999999997
8.849999999999998
6.5500000000000025
6.0
6.650000000000004
7.650000000000004
8.5
9.199999999999994
8.800000000000004
7.349999999999996
6.099999999999997
6.400000000000003
6.400000000000003
6.300000000000002
5.849999999999997
5.349999999999997
5.150000000000003
5.599999999999997
5.300000000000001
4.8
4.5
4.95
5.75
6.199999999999998
6.0
5.650000000000003
5.599999999999997
4.900000000000003
5.400000000000003
5.849999999999997
4.900000000000003
4.25
4.400000000000002
4.5
4.900000000000003
5.400000000000003
4.95
4.349999999999998
4.450000000000001
5.0
5.300000000000001
5.199999999999999
4.650000000000003
4.900000000000003
5.199999999999999
5.25
5.099999999999997
5.0
4.75
4.299999999999998
4.599999999999997
5.849999999999997
5.849999999999997
4.400000000000002
3.0
3.2000000000000015
3.799999999999998
3.799999999999998
3.5999999999999983
3.2000000000000015
3.3499999999999988
3.450000000000002
3.5999999999999983
3.549999999999998
3.8499999999999983
4.599999999999997
5.199999999999999
5.05
4.8
4.700000000000001
4.8
5.0
4.849999999999997
4.349999999999998
3.150000000000001
2.9000000000000004
3.150000000000001
4.0
4.0
3.3499999999999988
2.9000000000000004
3.0
2.4500000000000015
2.2999999999999985
2.149999999999999
2.149999999999999
2.6500000000000004
2.8499999999999996
2.5
2.25
2.100000000000001
3.150000000000001
3.9000000000000017
3.4000000000000012
2.9500000000000015
3.2000000000000015
3.25
3.099999999999999
3.4000000000000012
3.6500000000000017
4.150000000000002
4.450000000000001
4.450000000000001
3.450000000000002
2.5499999999999985
3.0
3.549999999999998
3.150000000000001
3.700000000000002
2.8499999999999996
3.75
5.349999999999997
3.9000000000000017
3.6500000000000017
3.450000000000002
2.6500000000000004
2.4
3.299999999999998
3.8499999999999983
3.299999999999998
2.2999999999999985
1.9500000000000008
3.75
4.099999999999998
4.049999999999998
2.9500000000000015
2.7000000000000015
3.450000000000002
4.0
4.0
2.7000000000000015
2.5
2.4
2.3500000000000005
2.4
2.5499999999999985
2.5
2.4500000000000015
2.6500000000000004
2.75
2.75
2.2999999999999985
1.7000000000000006
1.7999999999999992
2.4
3.0499999999999985
3.099999999999999
2.5999999999999996
3.150000000000001
4.049999999999998
3.450000000000002
2.5
2.5
3.5999999999999983
2.3500000000000005
1.899999999999999
2.100000000000001
2.6500000000000004
3.0499999999999985
3.150000000000001
2.8499999999999996
2.7000000000000015
2.5999999999999996
2.5499999999999985
2.9000000000000004
2.8499999999999996
3.450000000000002
4.150000000000002
3.6500000000000017
3.0499999999999985
2.9000000000000004
2.5499999999999985
2.9500000000000015
3.549999999999998
4.0
3.450000000000002
2.9500000000000015
3.099999999999999
3.299999999999998
3.549999999999998
4.650000000000003
4.75
3.8499999999999983
2.8499999999999996
2.9500000000000015
4.049999999999998
4.150000000000002
3.549999999999998
3.299999999999998
3.6500000000000017
4.200000000000002
3.5
2.4
2.0
2.2999999999999985
3.2000000000000015
3.75
3.700000000000002
4.049999999999998
4.75
3.9000000000000017
2.4500000000000015
2.9000000000000004
3.099999999999999
3.099999999999999
3.2000000000000015
3.8499999999999983
3.700000000000002
3.9000000000000017
5.849999999999997
3.0499999999999985
3.2000000000000015
3.099999999999999
2.4500000000000015
2.100000000000001
2.5499999999999985
3.3499999999999988
3.5999999999999983
2.9500000000000015
3.099999999999999
3.299999999999998
2.75
1.9500000000000008
1.75
2.2999999999999985
3.150000000000001
3.3499999999999988
3.5999999999999983
3.099999999999999
2.4
2.4
3.3499999999999988
3.700000000000002
3.549999999999998
2.5499999999999985
3.9000000000000017
4.700000000000001
4.0
3.549999999999998
4.200000000000002
4.349999999999998
4.049999999999998
3.549999999999998
2.8499999999999996
2.7000000000000015
3.25
3.25
3.150000000000001
3.6500000000000017
4.650000000000003
4.049999999999998
3.2000000000000015
3.549999999999998
5.150000000000003
5.949999999999998
4.700000000000001
3.3499999999999988
3.0499999999999985
3.299999999999998
4.150000000000002
4.549999999999999
3.9000000000000017
4.0
4.95
5.0
4.400000000000002
4.200000000000002
5.349999999999997
5.550000000000001
3.9000000000000017
3.2000000000000015
3.950000000000002
5.650000000000003
7.0
6.900000000000004
4.900000000000003
3.5
3.5999999999999983
3.549999999999998
3.0
3.450000000000002
4.95
4.549999999999999
4.099999999999998
3.549999999999998
3.5
3.700000000000002
4.150000000000002
3.75
3.450000000000002
3.2000000000000015
2.75
2.5499999999999985
3.5999999999999983
5.150000000000003
3.950000000000002
3.099999999999999
4.150000000000002
4.450000000000001
4.299999999999998
4.349999999999998
4.299999999999998
4.25
4.400000000000002
4.349999999999998
4.299999999999998
4.700000000000001
4.849999999999997
4.450000000000001
4.400000000000002
4.349999999999998
2.8499999999999996
1.899999999999999
2.6500000000000004
4.650000000000003
4.200000000000002
3.549999999999998
3.2000000000000015
3.700000000000002
4.0
3.75
3.700000000000002
4.25
4.049999999999998
4.200000000000002
3.700000000000002
3.0
3.75
3.700000000000002
1.9500000000000008
3.0
3.150000000000001
3.0
3.0499999999999985
3.6500000000000017
4.150000000000002
3.6500000000000017
3.25
4.400000000000002
3.5999999999999983
3.0499999999999985
3.0499999999999985
3.150000000000001
3.5999999999999983
3.950000000000002
3.700000000000002
4.5
3.950000000000002
4.25
4.0
2.5499999999999985
2.6500000000000004
3.3499999999999988
4.0
4.700000000000001
4.299999999999998
4.549999999999999
3.75
3.150000000000001
4.049999999999998
4.049999999999998
2.5499999999999985
2.149999999999999
2.5999999999999996
3.2000000000000015
3.299999999999998
3.0499999999999985
3.0499999999999985
3.25
2.9500000000000015
4.049999999999998
4.650000000000003
4.95
4.099999999999998
3.75
3.950000000000002
4.75
4.900000000000003
3.950000000000002
4.049999999999998
4.0
4.700000000000001
5.800000000000001
5.0
3.799999999999998
4.150000000000002
4.099999999999998
4.049999999999998
4.200000000000002
4.049999999999998
4.200000000000002
3.9000000000000017
3.6500000000000017
3.549999999999998
3.549999999999998
4.549999999999999
4.849999999999997
4.099999999999998
3.450000000000002
3.25
3.150000000000001
3.0
3.150000000000001
4.400000000000002
5.849999999999997
4.95
2.9500000000000015
3.0
4.0
4.150000000000002
3.299999999999998
4.0
4.75
5.05
5.199999999999999
5.150000000000003
4.5
4.049999999999998
4.8
5.0
4.450000000000001
3.950000000000002
4.299999999999998
5.75
5.849999999999997
4.8
4.849999999999997
4.349999999999998
4.049999999999998
3.9000000000000017
3.3499999999999988
3.2000000000000015
3.3499999999999988
3.950000000000002
4.450000000000001
4.299999999999998
4.0
3.6500000000000017
4.099999999999998
4.400000000000002
4.299999999999998
4.75
4.0
3.799999999999998
3.4000000000000012
4.200000000000002
4.95
3.8499999999999983
3.299999999999998
4.5
4.95
4.900000000000003
4.5
3.9000000000000017
3.299999999999998
3.25
3.9000000000000017
4.8
